mimo@MimonoMacBook-Pro-3 week2 % python hash_table.py
Functional tests passed!
0 0.230733
1 0.414409
2 0.610714
3 0.842721
4 1.154044
5 1.679547
6 2.208306
7 2.994762
8 4.160405
9 5.117989
10 6.113866
11 6.920624
12 7.888153
13 8.648318
14 9.577877
15 10.582466
16 11.198970
17 12.328783
18 13.159134
19 14.086687
20 14.957441
21 15.318520
22 16.788463
23 17.721181
24 18.559807
25 19.421941
26 20.280114
27 21.436937
28 21.817968
29 23.105176
30 23.816650
31 24.661878
32 25.185522
33 26.271483
34 26.892893
35 27.520506
36 28.627511
37 29.728147
38 30.957025
39 31.710085
40 32.224986
41 33.168866
42 34.097159
43 34.806387
44 35.407593
45 36.627855
46 37.334749
47 38.643026
48 39.291617
49 39.764654
50 40.715650
51 41.850195
52 42.497233
53 42.946018
54 43.346219
55 44.271895
56 45.545127
57 46.170234
58 46.899144
59 49.098141
60 49.333326
61 50.267304
62 51.051708
63 51.713710
64 51.915692
65 53.650063
66 54.556806
67 55.147822
68 55.933715
69 53.370333
70 56.233353
71 59.017546
72 59.586189
73 59.464154
74 61.398950
75 60.816576
76 62.976105
77 64.071036
78 64.541349
79 66.791747
80 66.212751
81 67.028171
82 67.145069
83 63.804127
84 67.262821
85 65.922582
86 67.241858
87 72.284842
88 72.642937
89 74.389637
90 75.743069
91 74.995130
92 77.123374
93 76.942123
94 72.288532
95 73.257680
96 75.109465
97 75.648008
98 76.380427
99 78.117345
Performance tests passed!
