Functional tests passed!
0 0.119106
1 0.164992
2 0.267212
3 0.261244
4 0.624686
5 0.415647
6 0.559226
7 0.756116
8 0.904930
9 1.347004
10 0.901621
11 1.099420
12 1.263828
13 1.480449
14 1.706578
15 1.806071
16 1.977749
17 2.316188
18 3.338250
19 1.811699
20 1.884019
21 2.159488
22 2.467168
23 2.518170
24 2.942513
25 2.964526
26 3.172092
27 3.287111
28 3.535686
29 3.602781
30 9.072424
31 6.393231
32 4.187746
33 5.132678
34 4.490135
35 4.985856
36 9.706085
37 4.593218
38 3.649115
39 3.864123
40 4.256973
41 4.366491
42 4.526248
43 5.173026
44 4.999179
45 5.222763
46 5.437760
47 6.115586
48 5.912552
49 5.881179
50 6.078243
51 6.754099
52 6.428670
53 6.519443
54 6.876192
55 6.935872
56 7.100337
57 7.443664
58 7.429658
59 7.610163
60 8.440664
61 7.998156
62 8.692160
63 8.535817
64 8.978003
65 8.866857
66 9.068406
67 9.106638
68 9.069227
69 9.405862
70 9.444888
71 9.814790
72 9.842103
73 17.175773
74 7.176742
75 7.447092
76 8.430460
77 8.217164
78 8.368771
79 8.234167
80 8.249166
81 8.636876
82 8.869931
83 8.955849
84 9.548109
85 10.193718
86 9.761201
87 9.897015
88 10.024940
89 10.269464
90 10.372503
91 10.616676
92 10.824653
93 10.980931
94 11.184607
95 11.287875
96 12.148226
97 11.846192
98 11.987206
99 12.101103
Performance tests passed!
